6
7
1 2 3 2 1 3 3
7
1 2 3 2 1 3 3
10
718 185 395 278 662 33 870 739 50 122
11
143 244 556 299 660 312 27 385 903 305 1
12
715 135 75 549 925 28 177 765 647 196 1000 1005
13
135 715 23 211 753 99 222 177 666 789 1001 2005 2002
7
1 1 1 1 1 1 1
10
1 2 3 4 5 6 7 8 9 10
23
80881 56382 3663 58220 6268 86908 23464 43977 56091 87923 35332 21716 23514 46947 96976 12580 16246 74035 5994 38382 24338 20870 9689
20
56382 52356 33169 33421 10348 23464 31125 72766 14534 27449 30042 71558 19773 36010 6518 97817 32048 98770 75770 9689
12
11 12 15 17 99 104 205 306 407 508 609 710
12
11 12 76 88 42 803 205 315 899 852 711 710
